200 33
106 137 111
83 44 22
118 42 171
26 140 106
185 182 41
96 78 30
72 141 16
7 73 90
179 197 172
133 28 18
64 52 178
30 35 193
126 43 98
63 42 120
179 93 185
137 177 128
70 117 168
69 119 56
154 103 27
137 17 150
129 198 150
57 171 175
122 13 99
81 115 30
85 164 8
37 30 23
88 147 19
11 128 126
164 157 100
65 50 47
169 72 143
1 88 21
189 124 197
116 194 160
144 198 163
63 171 164
143 65 70
66 173 193
8 175 55
88 111 9
41 72 146
30 181 179
172 184 193
150 75 153
156 40 170
144 132 167
100 138 124
182 115 92
76 159 80
16 177 191
19 127 55
74 124 22
36 157 131
115 142 35
126 114 40
113 14 179
94 53 125
190 154 1
118 7 162
25 140 127
130 140 31
65 56 74
117 133 38
53 84 100
127 46 100
125 72 17
155 80 145
155 16 65
36 179 196
166 197 103
174 44 58
9 134 184
14 178 12
82 168 140
146 174 65
86 23 166
62 20 21
26 43 134
38 42 17
138 2 61
11 41 132
23 112 85
169 58 17
10 13 187
172 40 153
107 131 118
27 166 162
147 100 175
193 44 68
71 80 41
196 80 89
74 32 185
8 148 28
8 57 142
35 78 169
118 168 165
85 152 121
47 43 40
134 121 8
19 145 64
161 153 134
10 174 174
156 41 108
153 173 155
50 116 147
77 95 93
3 162 58
180 110 78
121 22 109
72 102 49
150 127 39
130 21 148
197 108 172
129 40 49
157 48 16
13 71 7
71 129 168
106 117 150
26 10 28
90 97 165
181 144 107
125 18 195
49 13 62
187 62 186
114 156 149
142 114 74
152 171 79
66 166 46
70 149 124
66 137 102
160 166 164
38 9 1
162 141 67
150 89 12
186 195 180
161 173 86
24 91 69
81 137 79
190 125 181
90 133 86
129 144 18
174 51 148
24 140 39
128 147 166
46 136 9
148 13 58
12 23 138
8 79 66
91 186 159
16 58 101
124 118 148
145 16 10
162 82 63
173 178 124
184 165 118
132 139 85
156 5 107
193 32 57
110 93 23
65 82 149
93 166 106
91 170 200
58 164 129
63 7 76
9 129 66
43 71 59
171 153 60
162 125 33
146 180 173
22 23 95
53 31 76
4 79 167
115 136 37
80 105 61
14 107 161
186 196 46
186 177 156
39 89 136
182 24 186
138 198 4
91 150 49
90 89 56
180 159 72
111 34 112
157 31 188
137 70 127
142 7 84
102 64 77
103 178 18
37 147 177
99 108 139
67 68 147
27 200 80
44 105 70
7 178 143
109 27 84
186 111 82
107 167 34
134 34 151
56 146
125 16
105 174
5 78
167 100
12 97
74 19
83 49
109 92
20 119
25 179
165 86
96 88
58 162
45 79
6 80
26 197
27 118
98 53
56 84
184 130
194 115
16 77
135 93
4 80
191 118
33 196
51 41
28 184
139 45
71 148
74 98
57 21
45